16567 56 0
16567 78 3
16567 79 2
16570 22 3
16570 78 3
16570 79 1
16575 78 -1
16575 79 -1
16576 78 3
16576 79 2
16582 61 2
16582 78 -1
16582 79 -1
16586 78 0
16586 79 1
16587 29 3
16587 78 0
16587 79 1
16592 78 3
16592 79 1
16593 9 0
16593 78 1
16593 79 3
16594 78 2
16594 79 0
16597 27 1
16597 78 0
16597 79 2
16602 56 2
16602 78 1
16602 79 0
16618 40 3
16618 78 0
16618 79 1
16619 78 3
16619 79 2
16620 78 0
16620 79 1
16622 78 3
16622 79 1
16625 23 3
16625 78 1
16625 79 3
16626 12 2
16626 19 3
16626 78 2
16626 79 0
16627 78 0
16627 79 2
16632 78 1
16632 79 0
16633 78 0
16633 79 1
16633 104 3
16643 78 3
16643 79 2
16650 58 3
16650 78 2
16650 79 3
16655 75 3
16655 78 3
16655 79 1
16656 15 3
16656 78 1
16656 79 3
16659 78 2
16659 79 0
16662 78 0
16662 79 2
16667 78 0
16667 79 1
16668 26 0
16668 78 3
16668 79 2
16669 26 1
16669 78 2
16669 79 3
16671 78 3
16671 79 1
16671 96 0
16678 70 1
16678 78 1
16678 79 3
16685 23 0
16685 78 2
16685 79 0
16686 17 1
16686 78 0
16686 79 2
16690 78 1
16690 79 0
16691 78 2
16691 79 3
16693 78 -1
16693 79 -1
16697 78 0
16697 79 1
16697 108 2
16698 78 3
16698 79 1
16699 78 1
16699 79 3
16701 21 1
16701 28 3
16701 78 2
16701 79 0
16704 78 0
16704 79 2
16704 90 2
16704 101 3
16705 51 3
16705 78 3
16705 79 2
16710 78 2
16710 79 3
16716 78 -1
16716 79 -1
16717 78 0
16717 79 1
16720 7 1
16720 78 3
16720 79 1
16722 78 1
16722 79 3
16723 78 2
16723 79 0
16724 78 0
16724 79 2
16725 78 3
16725 79 2
16726 78 0
16726 79 1
16727 78 -1
16727 79 -1
16730 78 0
16730 79 1
16731 60 2
16731 78 3
16731 79 1
16732 78 1
16732 79 3
16735 78 0
16735 79 2
