fill 16570
26 24 26 26 1 24
    2 0 2 2
fill 16582
23 25 26 26 0 23
    0 2 3 3
fill 16586
25 24 26 26 1 24
    1 0 2 2
fill 16587
25 24 26 26 1 24
    1 0 2 2
fill 16592
24 24 26 24 0 24
    0 0 2 0
fill 16593
26 24 24 24 1 24
    2 0 0 0
fill 16594
24 25 25 24 0 24
    0 1 1 0
fill 16597
25 24 24 25 1 24
    1 0 0 1
fill 16602
25 24 24 25 1 24
    1 0 0 1
fill 16618
24 25 25 24 0 24
    0 1 1 0
fill 16619
24 25 25 24 0 24
    0 1 1 0
fill 16620
24 24 26 24 0 24
    0 0 2 0
fill 16622
24 24 26 24 0 24
    0 0 2 0
fill 16625
26 24 24 24 1 24
    2 0 0 0
fill 16626
24 25 25 24 0 24
    0 1 1 0
fill 16627
25 24 24 25 1 24
    1 0 0 1
fill 16632
25 24 24 25 1 24
    1 0 0 1
fill 16643
24 25 25 24 0 24
    0 1 1 0
fill 16650
25 24 24 25 1 24
    1 0 0 1
fill 16655
24 24 26 24 0 24
    0 0 2 0
fill 16656
26 24 24 24 1 24
    2 0 0 0
fill 16659
24 25 25 24 0 24
    0 1 1 0
fill 16662
25 24 24 25 1 24
    1 0 0 1
fill 16667
24 25 25 24 0 24
    0 1 1 0
fill 16668
24 25 25 24 0 24
    0 1 1 0
fill 16669
25 24 24 25 1 24
    1 0 0 1
fill 16671
24 24 26 24 0 24
    0 0 2 0
fill 16678
26 24 24 24 1 24
    2 0 0 0
fill 16685
24 26 24 26 0 24
    0 2 0 2
fill 16686
24 26 24 26 0 24
    0 2 0 2
fill 16690
25 24 24 25 1 24
    1 0 0 1
fill 16691
26 26 26 24 3 24
    2 2 2 0
fill 16693
23 25 26 26 0 23
    0 2 3 3
fill 16697
26 24 26 26 1 24
    2 0 2 2
fill 16698
26 24 26 26 1 24
    2 0 2 2
fill 16699
26 26 26 24 3 24
    2 2 2 0
fill 16701
24 26 26 26 0 24
    0 2 2 2
fill 16704
26 26 24 26 2 24
    2 2 0 2
fill 16705
26 26 24 26 2 24
    2 2 0 2
fill 16710
26 26 26 24 3 24
    2 2 2 0
fill 16716
23 25 26 26 0 23
    0 2 3 3
fill 16717
26 24 26 26 1 24
    2 0 2 2
fill 16720
26 24 26 26 1 24
    2 0 2 2
fill 16722
26 26 26 24 3 24
    2 2 2 0
fill 16723
25 25 26 26 0 25
    0 0 1 1
fill 16724
26 26 24 26 2 24
    2 2 0 2
fill 16725
26 26 24 26 2 24
    2 2 0 2
fill 16726
26 25 26 25 1 25
    1 0 1 0
fill 16727
23 25 26 26 0 23
    0 2 3 3
fill 16730
26 24 26 26 1 24
    2 0 2 2
fill 16731
26 24 26 26 1 24
    2 0 2 2
fill 16732
26 26 26 24 3 24
    2 2 2 0
fill 16735
26 26 24 26 2 24
    2 2 0 2
